1.000000000 0.000000000 0.000000000 0.000000000 0.000000000 1.000000000 0.000000000 0.000000000 0.000000000 0.000000000 1.000000000 0.000000000
0.999999285 -0.001121134 -0.000218152 0.008492078 0.001120807 0.999998271 -0.001494437 -0.000105497 0.000219827 0.001494192 0.999998868 1.168711782
0.999997497 0.002223363 -0.000003325 0.010929466 -0.002223358 0.999996901 0.001107344 0.000807009 0.000005787 -0.001107334 0.999999344 2.242968798
0.999995947 0.002841260 0.000003816 0.020716539 -0.002841242 0.999982536 0.005179154 0.001907077 0.000010899 -0.005179144 0.999986529 3.317944050
0.999994516 0.003278779 0.000264194 0.021661099 -0.003280649 0.999967098 0.007420171 -0.002321322 -0.000239856 -0.007420997 0.999972463 4.497165680
0.999995649 0.002959746 0.000058841 0.031668901 -0.002960120 0.999964297 0.007916243 -0.001029328 -0.000035409 -0.007916383 0.999968648 5.564989567
0.999998391 0.001731525 -0.000250376 0.037806500 -0.001729618 0.999970853 0.007427125 -0.008879989 0.000263229 -0.007426680 0.999972403 6.742889404
0.999996126 0.002703987 -0.000621810 0.042133804 -0.002699935 0.999975801 0.006427588 -0.011614129 0.000639175 -0.006425886 0.999979138 7.811327934
0.999994099 0.003316880 -0.000799128 0.036130246 -0.003312372 0.999979019 0.005576995 -0.010003701 0.000817609 -0.005574316 0.999984145 8.886481285
0.999990523 0.004245032 -0.000993237 0.020813286 -0.004239830 0.999977589 0.005181788 -0.011313885 0.001015212 -0.005177530 0.999986053 10.066539764
0.999988019 0.004815851 -0.000834608 0.023191977 -0.004810670 0.999969780 0.006102161 -0.010096319 0.000863969 -0.006098073 0.999981046 11.156587601
0.999989510 0.004518058 -0.000765560 0.048464444 -0.004512495 0.999964476 0.007119649 -0.018663891 0.000797700 -0.007116119 0.999974370 12.225401878
0.999979436 0.006336781 -0.000943713 0.069682263 -0.006330614 0.999959409 0.006399800 -0.012619302 0.000984229 -0.006393694 0.999979079 13.396449089
0.999985039 0.005372477 -0.000948273 0.095386118 -0.005366859 0.999968469 0.005830798 -0.012984477 0.000979569 -0.005825622 0.999982536 14.453103065
0.999985933 0.005211337 -0.000987272 0.111544631 -0.005204409 0.999962687 0.006893202 -0.018587582 0.001023157 -0.006887966 0.999975741 15.508238792
0.999983370 0.005648258 -0.001184911 0.131023794 -0.005638149 0.999949157 0.008367795 -0.020181179 0.001232115 -0.008360974 0.999964297 16.665775299
0.999985516 0.005313665 -0.000872873 0.142623946 -0.005305867 0.999948025 0.008705390 -0.022637367 0.000919085 -0.008700630 0.999961674 17.698699951
0.999995589 0.002762627 -0.001084710 0.161636218 -0.002752837 0.999956369 0.008926382 -0.021263704 0.001109322 -0.008923357 0.999959588 18.745426178
0.999993682 0.003371750 -0.001124045 0.173974454 -0.003362025 0.999957860 0.008544147 -0.030223489 0.001152806 -0.008540312 0.999962866 19.880571365
0.999990165 0.004313007 -0.001047431 0.183116972 -0.004307305 0.999976218 0.005385818 -0.031798445 0.001070635 -0.005381253 0.999984860 20.905193329
0.999993861 0.003192626 -0.001472710 0.196167991 -0.003186348 0.999985933 0.004245608 -0.034116425 0.001486244 -0.004240888 0.999989927 21.923156738
0.999979675 0.006249190 -0.001263621 0.207862243 -0.006241389 0.999961913 0.006086691 -0.043106243 0.001301611 -0.006078681 0.999980688 23.065494537
0.999959409 0.008868570 -0.001659889 0.226721406 -0.008854806 0.999927759 0.008122804 -0.045955613 0.001731807 -0.008107773 0.999965608 24.087215424
0.999944627 0.010426515 -0.001398036 0.242196143 -0.010413911 0.999907613 0.008738833 -0.054537535 0.001489023 -0.008723790 0.999960840 25.108554840
0.999916434 0.012911641 -0.000647191 0.244029716 -0.012904868 0.999871016 0.009556821 -0.048385561 0.000770502 -0.009547669 0.999954164 26.225376129
0.999898791 0.014145023 -0.001501633 0.303744912 -0.014132324 0.999866903 0.008154845 -0.050362617 0.001616784 -0.008132799 0.999965608 27.271755219
0.999861300 0.016437288 -0.002687807 0.318161011 -0.016420910 0.999847233 0.006006405 -0.053747877 0.002786126 -0.005961436 0.999978304 28.301099777
0.999820113 0.018732948 -0.002960242 0.323578656 -0.018717617 0.999811709 0.005125367 -0.059579313 0.003055698 -0.005069037 0.999982476 29.432481766
0.999742866 0.022456937 -0.003151027 0.330167055 -0.022432940 0.999720633 0.007454521 -0.065151170 0.003317552 -0.007381917 0.999967217 30.444799423
0.999705136 0.024043923 -0.003354074 0.377860904 -0.024012662 0.999670506 0.009069216 -0.060214877 0.003571028 -0.008986002 0.999953210 31.502687454
0.999646544 0.026159970 -0.004729836 0.387370944 -0.026114022 0.999613583 0.009529671 -0.065417141 0.004977304 -0.009402786 0.999943435 32.645282745
0.999634683 0.026571773 -0.004933392 0.373965561 -0.026528284 0.999610364 0.008681106 -0.065367788 0.005162143 -0.008547060 0.999950111 33.676883698
0.999630630 0.026470443 -0.006145752 0.381740987 -0.026417751 0.999614775 0.008502327 -0.064087689 0.006368445 -0.008336829 0.999944925 34.827583313
0.999644578 0.025733089 -0.006950730 0.416127861 -0.025668724 0.999628246 0.009196537 -0.065034926 0.007184802 -0.009014853 0.999933541 35.892135620
0.999664783 0.024834432 -0.007322664 0.430449814 -0.024768014 0.999652445 0.009025273 -0.056917578 0.007544257 -0.008840883 0.999932408 36.962291718
0.999650657 0.025403261 -0.007296450 0.460009664 -0.025339676 0.999641180 0.008678529 -0.056378394 0.007514294 -0.008490610 0.999935746 38.133460999
0.999643326 0.025974970 -0.006212791 0.478970587 -0.025915934 0.999619961 0.009400794 -0.055804044 0.006454615 -0.009236432 0.999936461 39.184940338
0.999613822 0.027505746 -0.003946816 0.487726986 -0.027460201 0.999560475 0.011163763 -0.056048244 0.004252149 -0.011051070 0.999929905 40.242362976
0.999594510 0.028430976 -0.001621337 0.520918787 -0.028412132 0.999539435 0.010656466 -0.057628721 0.001923564 -0.010606077 0.999941885 41.414714813
0.999623597 0.027403804 0.001310968 0.534016371 -0.027415320 0.999576449 0.009764187 -0.060919911 -0.001042837 -0.009796452 0.999951482 42.460731506
0.999662042 0.025751853 0.003560872 0.561331689 -0.025782933 0.999627352 0.008976390 -0.062533110 -0.003328386 -0.009065166 0.999953449 43.527900696
0.999675930 0.024613319 0.006489054 0.583755970 -0.024677327 0.999645710 0.009975027 -0.071998447 -0.006241236 -0.010131928 0.999929249 44.708953857
0.999691486 0.023240140 0.008777752 0.644353747 -0.023332672 0.999671638 0.010590487 -0.077072799 -0.008528747 -0.010792025 0.999905407 45.787082672
0.999691606 0.022213534 0.011105094 0.703396738 -0.022329615 0.999696136 0.010440404 -0.081929117 -0.010869803 -0.010685155 0.999883890 46.865589142
0.999651551 0.022481985 0.013834575 0.760823011 -0.022609578 0.999702632 0.009136904 -0.088316381 -0.013625045 -0.009446512 0.999862552 48.068370819
0.999669313 0.020353902 0.015719265 0.817089558 -0.020482333 0.999757826 0.008053114 -0.087908208 -0.015551546 -0.008372417 0.999844015 49.164192200
0.999670327 0.019519085 0.016681524 0.875963211 -0.019661054 0.999771535 0.008389121 -0.092955500 -0.016513968 -0.008714329 0.999825656 50.266708374
0.999702811 0.015780326 0.018582961 0.951555848 -0.015950160 0.999832153 0.009026796 -0.095577389 -0.018437393 -0.009320513 0.999786615 51.484210968
0.999712348 0.014095047 0.019405369 1.004489303 -0.014254644 0.999865532 0.008110594 -0.102643967 -0.019288441 -0.008384876 0.999778807 52.577209473
0.999710202 0.013359339 0.020025851 1.055255651 -0.013419048 0.999905944 0.002850016 -0.098244086 -0.019985894 -0.003117917 0.999795377 53.692687988
0.999713838 0.012231988 0.020555185 1.100723624 -0.012231183 0.999925196 -0.000164931 -0.109346628 -0.020555668 -0.000086530 0.999788642 54.903903961
0.999668658 0.014584634 0.021212617 1.151977897 -0.014615885 0.999892294 0.001318858 -0.107281797 -0.021191096 -0.001628462 0.999774039 56.007564545
0.999610901 0.016089030 0.022786902 1.188714623 -0.016210496 0.999855399 0.005155842 -0.118040323 -0.022700652 -0.005523222 0.999727011 57.113315582
0.999618709 0.015899926 0.022568505 1.219792843 -0.016039083 0.999853313 0.005998364 -0.126285136 -0.022469820 -0.006358056 0.999727309 58.322856903
0.999666154 0.014167109 0.021605643 1.251152396 -0.014288395 0.999882936 0.005469507 -0.128586918 -0.021525623 -0.005776391 0.999751627 59.434806824
0.999700904 0.011939340 0.021342063 1.257751346 -0.012041984 0.999916434 0.004687394 -0.123603344 -0.021284314 -0.004942994 0.999761224 60.637001038
0.999711573 0.011996759 0.020801123 1.280532837 -0.012110502 0.999912322 0.005350853 -0.129981637 -0.020735104 -0.005601223 0.999769330 61.745609283
0.999755681 0.010753705 0.019308005 1.304953337 -0.010875887 0.999921441 0.006234205 -0.132270902 -0.019239448 -0.006442674 0.999794185 62.850784302
0.999759078 0.012580786 0.017985484 1.322993040 -0.012698756 0.999898493 0.006460100 -0.141045123 -0.017902382 -0.006686938 0.999817431 63.957542419
0.999797344 0.012983702 0.015379092 1.366385818 -0.013065788 0.999900997 0.005249322 -0.145298719 -0.015309412 -0.005449198 0.999867916 65.196464539
0.999787331 0.015006211 0.014141610 1.392963648 -0.015099472 0.999864817 0.006511367 -0.145619571 -0.014041987 -0.006723513 0.999878824 66.309715271
0.999750376 0.018387243 0.012704035 1.420384169 -0.018498551 0.999790967 0.008700117 -0.149005353 -0.012541410 -0.008932947 0.999881446 67.416809082
0.999708891 0.021060856 0.011775502 1.423929453 -0.021164062 0.999738038 0.008709585 -0.155489922 -0.011588986 -0.008956266 0.999892771 68.642379761
0.999676704 0.023766646 0.009031158 1.451071739 -0.023832159 0.999689937 0.007216742 -0.168790221 -0.008856840 -0.007429640 0.999933183 69.753997803
0.999657452 0.025242116 0.006908528 1.471533060 -0.025281193 0.999664545 0.005628337 -0.168638170 -0.006764139 -0.005801065 0.999960303 70.866485596
0.999613106 0.027412232 0.004694273 1.504601002 -0.027436582 0.999609947 0.005204486 -0.163042724 -0.004549775 -0.005331268 0.999975443 72.119117737
0.999576449 0.029067157 0.001399209 1.537193298 -0.029072264 0.999570131 0.003777275 -0.159838766 -0.001288812 -0.003816353 0.999991894 73.256782532
0.999549687 0.029984863 0.001113720 1.527784705 -0.029988162 0.999545515 0.003071554 -0.164980978 -0.001021113 -0.003103570 0.999994636 74.359359741
0.999551117 0.029957147 -0.000278796 1.537401319 -0.029955555 0.999540806 0.004570358 -0.164277703 0.000415582 -0.004559954 0.999989510 75.587974548
0.999533355 0.030506512 -0.001554453 1.529872775 -0.030495733 0.999513507 0.006541961 -0.160621464 0.001753269 -0.006491504 0.999977410 76.709342957
0.999533832 0.030409576 -0.002706988 1.524661422 -0.030386584 0.999504924 0.008163458 -0.170388162 0.002953895 -0.008077397 0.999962986 77.820571899
0.999513507 0.030800546 -0.004904948 1.526260376 -0.030761283 0.999495745 0.007887864 -0.160559356 0.005145425 -0.007733145 0.999956846 79.048721313
0.999509692 0.030695271 -0.006180890 1.516511202 -0.030645955 0.999498904 0.007920564 -0.162807047 0.006420917 -0.007727260 0.999949455 80.166915894
0.999496639 0.030750632 -0.007804718 1.506172538 -0.030676911 0.999485254 0.009395959 -0.163562119 0.008089630 -0.009151804 0.999925375 81.403579712
0.999495208 0.030360019 -0.009359937 1.501099110 -0.030249091 0.999473095 0.011773122 -0.163144767 0.009712437 -0.011484049 0.999886811 82.532402039
0.999561846 0.027130464 -0.011842906 1.511607289 -0.026974455 0.999549806 0.013139820 -0.163935304 0.012194064 -0.012814606 0.999843478 83.660354614
0.999545455 0.027004633 -0.013403961 1.515241027 -0.026817190 0.999542832 0.013972416 -0.168400526 0.013775152 -0.013606609 0.999812543 84.871482849
0.999542713 0.026184022 -0.015128992 1.513663292 -0.025985349 0.999575436 0.013182878 -0.168198824 0.015467750 -0.012783713 0.999798715 86.002113342
0.999501288 0.026428398 -0.017286833 1.516654015 -0.026214853 0.999578595 0.012465525 -0.175458193 0.017608995 -0.012006135 0.999772906 87.129348755
0.999441385 0.027363608 -0.019185737 1.523717999 -0.027152868 0.999568999 0.011160037 -0.163048863 0.019482845 -0.010632856 0.999753654 88.372169495
0.999395072 0.028667441 -0.019690258 1.518149853 -0.028438367 0.999525666 0.011816902 -0.164421201 0.020019677 -0.011249793 0.999736309 89.506576538
0.999353647 0.029578652 -0.020430893 1.520549178 -0.029351259 0.999504864 0.011341511 -0.165974975 0.020756241 -0.010734509 0.999726951 90.647850037
0.999377429 0.028468113 -0.020838935 1.519770026 -0.028251350 0.999544382 0.010623415 -0.157595813 0.021131868 -0.010028073 0.999726355 91.905891418
0.999418259 0.026783181 -0.021111337 1.517319798 -0.026532792 0.999575257 0.012052546 -0.161968350 0.021425175 -0.011485392 0.999704480 93.037467957
0.999498606 0.023685439 -0.021013668 1.513622522 -0.023429357 0.999649167 0.012350077 -0.157989621 0.021298813 -0.011851546 0.999702871 94.159759521
0.999563217 0.021470644 -0.020303257 1.511849046 -0.021220505 0.999697208 0.012456239 -0.157944918 0.020564547 -0.012019953 0.999716282 95.403358459
0.999628425 0.019197162 -0.019352574 1.516260743 -0.018964801 0.999746680 0.012119669 -0.152822018 0.019580336 -0.011748148 0.999739230 96.534500122
0.999684036 0.018203681 -0.017329140 1.519038320 -0.017975880 0.999750972 0.013211846 -0.158606768 0.017565327 -0.012896166 0.999762535 97.653259277
0.999722242 0.018257530 -0.014903721 1.527068973 -0.018078495 0.999763846 0.012060460 -0.163339615 0.015120395 -0.011787675 0.999816179 98.876663208
0.999784410 0.016362606 -0.012778148 1.536984921 -0.016232830 0.999816358 0.010194590 -0.163521171 0.012942610 -0.009984970 0.999866366 99.992156982
0.999825776 0.015704773 -0.010086002 1.544623733 -0.015621686 0.999843836 0.008264519 -0.165906429 0.010214219 -0.008105519 0.999915004 101.209091187
0.999831259 0.016609354 -0.007843868 1.559754610 -0.016571507 0.999850869 0.004865889 -0.164350688 0.007923517 -0.004735083 0.999957383 102.322822571
0.999857306 0.016082872 -0.005163285 1.569288015 -0.016064851 0.999864697 0.003513822 -0.166567206 0.005219099 -0.003430373 0.999980509 103.446372986
0.999854982 0.016832490 -0.002588045 1.584846258 -0.016816884 0.999840975 0.005936956 -0.164951801 0.002687567 -0.005892572 0.999979019 104.670623779
0.999841809 0.017782765 -0.000268352 1.599110603 -0.017779820 0.999805331 0.008556230 -0.167716801 0.000420453 -0.008550107 0.999963284 105.778076172
0.999847651 0.017382750 0.001556244 1.614085674 -0.017395813 0.999809861 0.008812162 -0.167226076 -0.001402768 -0.008837894 0.999959886 106.886940002
0.999866426 0.016224544 0.001977340 1.635560751 -0.016239949 0.999835789 0.008040906 -0.169867516 -0.001846554 -0.008071942 0.999965668 108.121147156
0.999878824 0.015442200 0.001970974 1.643304348 -0.015456124 0.999854326 0.007258056 -0.172877192 -0.001858606 -0.007287640 0.999971747 109.227813721
0.999889016 0.014852149 0.001221678 1.645376444 -0.014860942 0.999861181 0.007534991 -0.170868278 -0.001109598 -0.007552308 0.999970853 110.335105896
0.999879241 0.015540819 -0.000150210 1.657371879 -0.015539004 0.999843717 0.008433675 -0.180443227 0.000281253 -0.008430321 0.999964416 111.565887451
0.999843895 0.017647007 -0.000909428 1.649291754 -0.017638953 0.999810755 0.008211182 -0.176421165 0.001054159 -0.008193859 0.999965906 112.688545227
0.999824882 0.018693157 -0.000813241 1.642236710 -0.018686021 0.999793112 0.008040064 -0.178050041 0.000963367 -0.008023461 0.999967337 113.803535461
0.999736547 0.022857139 -0.002086449 1.634853482 -0.022840835 0.999710739 0.007531065 -0.169855535 0.002257984 -0.007481424 0.999969423 115.043571472
0.999699950 0.024293326 -0.003162659 1.637466073 -0.024269853 0.999679029 0.007260774 -0.170825660 0.003338033 -0.007181837 0.999968588 116.158470154
0.999651074 0.026026167 -0.004510871 1.645119071 -0.025991950 0.999634087 0.007485496 -0.170003414 0.004704039 -0.007365638 0.999961853 117.281776428
0.999577284 0.028643802 -0.004981744 1.647372246 -0.028600605 0.999554396 0.008536723 -0.176558852 0.005224049 -0.008390634 0.999951184 118.503417969
0.999518514 0.030657759 -0.004760860 1.659049749 -0.030613314 0.999489605 0.009142894 -0.179915309 0.005038729 -0.008992748 0.999946892 119.557258606
0.999475181 0.032024126 -0.004865869 1.651437283 -0.031982433 0.999453008 0.008417981 -0.176661730 0.005132787 -0.008257940 0.999952734 120.655868530
0.999352574 0.035633329 -0.004959823 1.650535107 -0.035593435 0.999335051 0.007911820 -0.180603504 0.005238448 -0.007730162 0.999956489 121.867958069
0.999195039 0.039828740 -0.004776164 1.644330502 -0.039798867 0.999188483 0.006194218 -0.179592311 0.005018996 -0.005999146 0.999969423 122.966743469
0.999167085 0.040558778 -0.004487944 1.635061979 -0.040534947 0.999164104 0.005280408 -0.181033790 0.004698361 -0.005094091 0.999975979 124.064140320
0.999114037 0.041699201 -0.005682463 1.634163260 -0.041662779 0.999111295 0.006382415 -0.181553662 0.005943554 -0.006140015 0.999963522 125.264930725
0.999114573 0.041757211 -0.005124844 1.625680447 -0.041713286 0.999094248 0.008396850 -0.188952088 0.005470831 -0.008175642 0.999951601 126.353576660
0.999097943 0.042209767 -0.004655842 1.619772315 -0.042165462 0.999067962 0.009235895 -0.188231826 0.005041347 -0.009031246 0.999946535 127.400398254
0.998991787 0.044694629 -0.004234759 1.592255831 -0.044658169 0.998967528 0.008344168 -0.188742399 0.004603326 -0.008146637 0.999956250 128.569793701
0.998911917 0.046443142 -0.004251122 1.582870007 -0.046412606 0.998897731 0.007017856 -0.186151326 0.004572368 -0.006812915 0.999966323 129.630233765
0.998901844 0.046650670 -0.004341372 1.570863843 -0.046617288 0.998884737 0.007496087 -0.182892680 0.004686227 -0.007285471 0.999962509 130.801513672
0.998886228 0.047055852 -0.003483986 1.558994532 -0.047023110 0.998853683 0.008951478 -0.185501099 0.003901212 -0.008777679 0.999953866 131.852401733
0.998967588 0.045351807 -0.002639323 1.541378736 -0.045318466 0.998905718 0.011556482 -0.188005567 0.003160543 -0.011424940 0.999929726 132.884963989
0.999085009 0.042709034 -0.002237658 1.533395052 -0.042674109 0.998993099 0.013840552 -0.187373042 0.002826522 -0.013732396 0.999901712 134.045211792
0.999112546 0.042072572 -0.002003702 1.498917341 -0.042042661 0.999028981 0.013164624 -0.184827447 0.002555626 -0.013068700 0.999911308 135.082870483
0.999203086 0.039858256 -0.002178852 1.483829260 -0.039831672 0.999144495 0.011124587 -0.188952923 0.002620394 -0.011028931 0.999935746 136.152923584
0.999271810 0.038098324 -0.002095919 1.461748242 -0.038073208 0.999215066 0.010943995 -0.190463901 0.002511222 -0.010856226 0.999937952 137.301345825
0.999355793 0.035870168 -0.001135782 1.446027040 -0.035850838 0.999259531 0.013966150 -0.192913771 0.001635909 -0.013916435 0.999901891 138.345535278
0.999267161 0.038247738 -0.001514579 1.445536375 -0.038219392 0.999146640 0.015659185 -0.187257290 0.002112215 -0.015589826 0.999876261 139.394271851
0.999390781 0.034873929 -0.001363820 1.435873032 -0.034850139 0.999284267 0.014709522 -0.193762064 0.001875823 -0.014653030 0.999890864 140.533111572
0.999396920 0.034640368 -0.002424535 1.439092040 -0.034603491 0.999304712 0.013882361 -0.192808151 0.002903739 -0.013790091 0.999900699 141.576080322
0.999387085 0.034959711 -0.001806899 1.425699711 -0.034929954 0.999284863 0.014481825 -0.195694923 0.002311887 -0.014409833 0.999893486 142.618026733
0.999419153 0.034052733 -0.001268242 1.426758289 -0.034027454 0.999286830 0.016369216 -0.202821970 0.001824755 -0.016316559 0.999865234 143.762222290
0.999419391 0.034061041 -0.000819604 1.421959043 -0.034041066 0.999261737 0.017806480 -0.200970888 0.001425506 -0.017768243 0.999841094 144.799255371
0.999454200 0.033026706 -0.000614927 1.419465065 -0.033010274 0.999292612 0.018017605 -0.203573942 0.001209555 -0.017987475 0.999837458 145.823760986
0.999541461 0.030277710 -0.000278899 1.424642682 -0.030268539 0.999395788 0.017078305 -0.206525087 0.000795822 -0.017062033 0.999854088 146.949203491
0.999614954 0.027745185 0.000180984 1.429517865 -0.027745012 0.999517798 0.013938084 -0.203922987 0.000205818 -0.013937739 0.999902844 147.953216553
0.999653339 0.026324244 0.000250648 1.445369601 -0.026325425 0.999599695 0.010354415 -0.206715703 0.000022024 -0.010357423 0.999946356 148.945846558
0.999738574 0.022861972 0.000376020 1.470031619 -0.022864100 0.999712288 0.007242514 -0.210412502 -0.000210333 -0.007249217 0.999973714 150.041870117
0.999744475 0.022593278 0.000591724 1.484676957 -0.022596281 0.999728441 0.005683984 -0.218067229 -0.000463144 -0.005695902 0.999983668 151.029815674
0.999737859 0.022813188 0.001955198 1.492088556 -0.022822751 0.999726892 0.005017107 -0.218067110 -0.001840208 -0.005060416 0.999985456 152.109436035
0.999702275 0.024270941 0.002514438 1.494042754 -0.024287030 0.999683380 0.006578948 -0.216241717 -0.002353964 -0.006638058 0.999975204 153.086059570
0.999656975 0.025884328 0.003992653 1.506781578 -0.025922857 0.999614656 0.009921983 -0.224593759 -0.003734291 -0.010022079 0.999942720 154.082534790
0.999542415 0.029692236 0.005782117 1.510171652 -0.029752506 0.999500751 0.010632592 -0.223826289 -0.005463525 -0.010799758 0.999926686 155.146652222
0.999483347 0.031251017 0.007514353 1.522900581 -0.031325381 0.999459326 0.009992086 -0.231344938 -0.007198028 -0.010222312 0.999921739 156.106521606
0.999428093 0.032532610 0.009224186 1.532160759 -0.032601632 0.999440730 0.007433657 -0.231254578 -0.008977191 -0.007730129 0.999929845 157.056854248
0.999380350 0.033472627 0.010882981 1.552144289 -0.033534680 0.999421954 0.005570479 -0.231412709 -0.010690231 -0.005931983 0.999925315 158.096206665
0.999325633 0.034249324 0.013244048 1.560258865 -0.034311768 0.999400854 0.004516851 -0.230144799 -0.013081413 -0.004968232 0.999902189 159.018554688
0.999276161 0.034851898 0.015247138 1.574338555 -0.034951836 0.999368906 0.006338351 -0.240839481 -0.015016609 -0.006866678 0.999863684 159.948410034
0.999254405 0.034276493 0.017766379 1.589800596 -0.034437317 0.999367893 0.008827111 -0.243748903 -0.017452583 -0.009432356 0.999803305 160.942611694
0.999269485 0.032921605 0.019407261 1.619919896 -0.033146888 0.999385417 0.011403065 -0.242484570 -0.019019924 -0.012038025 0.999746680 161.833572388
0.999252737 0.031995401 0.021681588 1.636964083 -0.032294773 0.999385834 0.013600912 -0.244248152 -0.021233108 -0.014290953 0.999672413 162.709960938
0.999225378 0.031271707 0.023890257 1.661882162 -0.031606440 0.999405622 0.013764582 -0.247666597 -0.023445614 -0.014509006 0.999619782 163.654617310
0.999192119 0.031030703 0.025537524 1.692131996 -0.031358819 0.999429345 0.012549552 -0.248957872 -0.025133530 -0.013340239 0.999595106 164.500534058
0.999132812 0.031125354 0.027654264 1.714384556 -0.031430807 0.999448836 0.010679949 -0.245403528 -0.027306607 -0.011539881 0.999560535 165.410858154
0.999082148 0.031571414 0.028950196 1.733608484 -0.031863511 0.999445260 0.009684297 -0.253282905 -0.028628383 -0.010597864 0.999533951 166.231399536
0.999003768 0.032517862 0.030563449 1.757502079 -0.032822434 0.999415874 0.009517003 -0.257439971 -0.030236121 -0.010510690 0.999487519 167.035507202
0.998955667 0.032801412 0.031808931 1.790432692 -0.033121340 0.999405384 0.009583231 -0.260531545 -0.031475671 -0.010626774 0.999448061 167.899749756
0.998983622 0.031022469 0.032699466 1.823378325 -0.031380892 0.999452233 0.010505619 -0.261337161 -0.032355644 -0.011521080 0.999410033 168.670318604
0.998977721 0.029852347 0.033945743 1.846973658 -0.030254640 0.999477208 0.011399565 -0.256953716 -0.033587694 -0.012414930 0.999358654 169.426147461
0.998926103 0.030229542 0.035111755 1.877861500 -0.030652877 0.999463022 0.011581603 -0.260206103 -0.034742795 -0.012645445 0.999316275 170.235763550
0.998878777 0.030684521 0.036049765 1.903140068 -0.031052005 0.999470949 0.009678425 -0.262519836 -0.035733711 -0.010786993 0.999303162 170.948059082
0.998879373 0.029869471 0.036710318 1.932202339 -0.030176837 0.999513745 0.007847196 -0.269309282 -0.036458075 -0.008946205 0.999295115 171.636215210
0.998910964 0.027961949 0.037350096 1.971530437 -0.028232895 0.999578536 0.006746388 -0.269083381 -0.037145719 -0.007793542 0.999279439 172.386077881
0.998832703 0.028460246 0.039027225 1.991328239 -0.028768215 0.999559045 0.007352280 -0.271508098 -0.038800769 -0.008466441 0.999211133 173.042266846
0.998764634 0.029338960 0.040103592 2.023289680 -0.029709291 0.999520957 0.008669611 -0.276797295 -0.039830018 -0.009850349 0.999157846 173.685424805
0.998667121 0.029489828 0.042359266 2.041580200 -0.029919475 0.999506712 0.009544804 -0.282778859 -0.042056911 -0.010799449 0.999056876 174.360687256
0.998615026 0.028764486 0.044055063 2.072208405 -0.029226860 0.999523878 0.009887306 -0.285867810 -0.043749694 -0.011161204 0.998980105 174.966445923
0.998489916 0.029905628 0.046084441 2.098734856 -0.030315850 0.999506474 0.008228310 -0.286353827 -0.045815632 -0.009612974 0.998903573 175.542861938
0.998335600 0.030316334 0.049060177 2.133621216 -0.030654700 0.999511063 0.006159117 -0.287617087 -0.048849471 -0.007652791 0.998776853 176.170379639
0.998254895 0.028435102 0.051753856 2.158479691 -0.028697783 0.999578714 0.004339398 -0.288649619 -0.051608667 -0.005817046 0.998650432 176.716400146
0.998104572 0.027564783 0.055022191 2.194119453 -0.027839422 0.999603450 0.004231057 -0.290898085 -0.054883745 -0.005754822 0.998476148 177.310501099
0.997921586 0.027266765 0.058389314 2.224247932 -0.027596874 0.999607325 0.004854435 -0.293532729 -0.058234032 -0.006455707 0.998282075 177.832061768
0.997703433 0.028714105 0.061346181 2.264668465 -0.029078385 0.999564350 0.005053422 -0.298263311 -0.061174359 -0.006825665 0.998103738 178.353088379
0.997462153 0.029417088 0.064836085 2.294749260 -0.029830750 0.999540389 0.005421181 -0.298529685 -0.064646810 -0.007341534 0.997881114 178.889541626
0.997298002 0.028909115 0.067534678 2.336404800 -0.029413121 0.999546468 0.006480373 -0.300984740 -0.067316703 -0.008449270 0.997695804 179.353515625
0.997117221 0.028751260 0.070218444 2.389082909 -0.029289233 0.999548912 0.006643610 -0.305184841 -0.069995768 -0.008681102 0.997509539 179.803009033
0.996951342 0.026825245 0.073269553 2.463109970 -0.027375540 0.999603927 0.006516443 -0.312175512 -0.073065743 -0.008502368 0.997290850 180.286437988
0.996781528 0.026875095 0.075527631 2.508054733 -0.027536774 0.999590874 0.007732853 -0.314042330 -0.075288914 -0.009787751 0.997113764 180.710510254
0.996622384 0.028928125 0.076856203 2.554716110 -0.029576752 0.999535739 0.007314432 -0.319332480 -0.076608941 -0.009562882 0.997015297 181.126358032
0.996453524 0.031492800 0.078029200 2.600972176 -0.032037474 0.999470174 0.005738143 -0.323349357 -0.077807158 -0.008217650 0.996934652 181.578491211
0.996484339 0.031650133 0.077571005 2.638862610 -0.032188468 0.999465585 0.005698914 -0.328556418 -0.077349171 -0.008175769 0.996970534 181.949127197
0.996673465 0.032817341 0.074598908 2.670145988 -0.033386592 0.999422073 0.006396284 -0.335198283 -0.074345879 -0.008865611 0.997193038 182.322677612
0.996843576 0.034197621 0.071647845 2.701416016 -0.034752987 0.999374688 0.006518695 -0.326465011 -0.071380101 -0.008988095 0.997408688 182.701034546
0.997023165 0.035351966 0.068520054 2.736088753 -0.035942443 0.999326527 0.007403585 -0.336767673 -0.068212166 -0.009844322 0.997622252 183.062866211
0.997186661 0.036853515 0.065272890 2.771043777 -0.037441503 0.999268353 0.007807486 -0.335001469 -0.064937375 -0.010229435 0.997836888 183.434921265
0.997334659 0.038186919 0.062171243 2.806377411 -0.038778748 0.999213040 0.008340368 -0.337145448 -0.061803818 -0.010729061 0.998030603 183.816436768
0.997524381 0.040073268 0.057785332 2.823176861 -0.040726319 0.999118567 0.010167746 -0.337605596 -0.057326943 -0.012495957 0.998277247 184.034988403
0.997872829 0.041311480 0.050429903 2.841440678 -0.041929439 0.999057174 0.011257494 -0.347433567 -0.049917296 -0.013348045 0.998664141 184.320877075
0.998165905 0.042849608 0.042763699 2.838297844 -0.043382674 0.998991013 0.011615817 -0.344194651 -0.042222820 -0.013449715 0.999017715 184.571975708
0.998459101 0.043715362 0.034181811 2.845371485 -0.044150833 0.998951793 0.012090323 -0.345260382 -0.033617448 -0.013580847 0.999342561 184.802978516
0.998669267 0.045650199 0.023993917 2.849764824 -0.045949750 0.998870671 0.012085005 -0.341207504 -0.023415137 -0.013171437 0.999639094 185.030487061
0.998804927 0.046730135 0.014324361 2.853465557 -0.046917737 0.998813450 0.013052906 -0.349734783 -0.013697406 -0.013709373 0.999812245 185.234588623
0.998831034 0.048035461 0.005403817 2.845439911 -0.048104651 0.998751104 0.013500169 -0.350388765 -0.004748590 -0.013744339 0.999894381 185.411895752
0.998771369 0.049343385 -0.004562732 2.841151237 -0.049274515 0.998685241 0.014139913 -0.349374771 0.005254444 -0.013897715 0.999889731 185.589523315
0.998598397 0.051094789 -0.013804175 2.836753607 -0.050884128 0.998588860 0.015203699 -0.351554394 0.014561519 -0.014479976 0.999789059 185.737991333
0.998347640 0.052089822 -0.024266459 2.830660820 -0.051751290 0.998556554 0.014376228 -0.344355583 0.024980273 -0.013096652 0.999602139 185.874908447
0.997907937 0.053514376 -0.036276612 2.819381714 -0.053063348 0.998502791 0.013284395 -0.349955797 0.036933206 -0.011331643 0.999253571 186.013381958
0.997357845 0.054543506 -0.047981244 2.808151245 -0.053990167 0.998459935 0.012754579 -0.346940756 0.048603036 -0.010130364 0.998766780 186.153182983
0.996635139 0.055127151 -0.060657863 2.792952538 -0.054374825 0.998422623 0.013985520 -0.343810797 0.061333176 -0.010640199 0.998060644 186.287933350
0.995649457 0.055882223 -0.074559547 2.774432182 -0.054839354 0.998367608 0.015963204 -0.340988636 0.075329900 -0.011804960 0.997088671 186.443313599
0.994564533 0.056799036 -0.087263957 2.755533218 -0.055478621 0.998306692 0.017484663 -0.340430260 0.088109314 -0.012548341 0.996031702 186.579116821
0.993201256 0.057834052 -0.101026863 2.737247467 -0.056183375 0.998237491 0.019110937 -0.342524767 0.101954080 -0.013304974 0.994700074 186.710083008
0.991448879 0.058812100 -0.116491094 2.718475342 -0.056810681 0.998175859 0.020430136 -0.335653543 0.117480144 -0.013637498 0.992981553 186.868103027
0.989670515 0.058799297 -0.130748034 2.695835114 -0.056532577 0.998180151 0.020984437 -0.333757401 0.131743982 -0.013376156 0.991193473 187.005386353
0.987420559 0.058726985 -0.146804169 2.659147263 -0.056268100 0.998197973 0.020849992 -0.329301834 0.147764072 -0.012327320 0.988945782 187.146118164
0.984358847 0.058154691 -0.166300297 2.630113602 -0.055615515 0.998254061 0.019888980 -0.328820944 0.167166606 -0.010329015 0.985874534 187.311630249
0.980855763 0.057696804 -0.185992077 2.573997498 -0.055107556 0.998298407 0.019065632 -0.327796459 0.186775625 -0.008451064 0.982366264 187.469833374
0.976502955 0.057025719 -0.207822502 2.520248413 -0.054180607 0.998343408 0.019361418 -0.328294277 0.208582342 -0.007646533 0.977975011 187.635131836
0.970560968 0.057136357 -0.233980507 2.434295654 -0.053769134 0.998337746 0.020750301 -0.320116758 0.234777182 -0.007558501 0.972019851 187.827072144
0.963826418 0.057133775 -0.260335356 2.353618622 -0.053031910 0.998333514 0.022759113 -0.317855835 0.261201829 -0.008129751 0.965250015 188.046813965
0.955538392 0.058110986 -0.289084196 2.245037079 -0.053357087 0.998279631 0.024305329 -0.302059174 0.289999276 -0.007799983 0.956995070 188.266143799
0.944759190 0.058196530 -0.322557390 2.115184784 -0.052172899 0.998264909 0.027296621 -0.293241501 0.323586315 -0.008959978 0.946156263 188.531875610
0.933126569 0.058085822 -0.354825079 1.979286194 -0.050728880 0.998261452 0.030010199 -0.283967972 0.355951428 -0.010003434 0.934450924 188.765136719
0.919835091 0.057369478 -0.388087988 1.828033447 -0.048316877 0.998284936 0.033053178 -0.274436951 0.389318645 -0.011652274 0.921029449 189.021224976
0.902896941 0.056232549 -0.426163316 1.635902405 -0.045310970 0.998333752 0.035732105 -0.258059025 0.427462488 -0.012952534 0.903940260 189.290420532
0.885066986 0.055848751 -0.462101221 1.462478638 -0.043107603 0.998343945 0.038093735 -0.249655724 0.463463545 -0.013795427 0.886008561 189.537902832
0.865166366 0.056447349 -0.498297930 1.258399963 -0.041515980 0.998296022 0.041005466 -0.231745720 0.499763548 -0.014789222 0.866035581 189.798690796
0.840739667 0.057784688 -0.538347363 1.011375427 -0.040113963 0.998203933 0.044498220 -0.212302685 0.539951682 -0.015816165 0.841547370 190.079681396
0.816240191 0.058701947 -0.574722528 0.773017883 -0.038351346 0.998135626 0.047481343 -0.193472385 0.576438308 -0.016714796 0.816969693 190.345123291
0.789822102 0.061029568 -0.610292196 0.522804260 -0.037833959 0.997990191 0.050836004 -0.180231571 0.612168193 -0.017061619 0.790543556 190.603027344
0.759181738 0.063618116 -0.647762060 0.216560364 -0.037742034 0.997840106 0.053766109 -0.156357288 0.649783492 -0.016370386 0.759943008 190.899536133
0.730178058 0.063986942 -0.680254161 -0.088439941 -0.036233101 0.997830629 0.054966975 -0.130076885 0.682295620 -0.015487956 0.730912447 191.161117554
0.700663507 0.064758949 -0.710546970 -0.407539368 -0.033901799 0.997769415 0.057506032 -0.107888222 0.712686002 -0.016203562 0.701295912 191.416549683
0.668532908 0.065097332 -0.740828037 -0.793853760 -0.029486354 0.997698545 0.061059941 -0.078790665 0.743097842 -0.018976262 0.668913782 191.718109131
0.638842285 0.065966614 -0.766504407 -1.139907837 -0.024735533 0.997563243 0.065236121 -0.050992012 0.768940032 -0.022715691 0.638917208 191.967010498
0.608386099 0.067177936 -0.790792823 -1.528396606 -0.020116301 0.997396290 0.069252692 -0.025653839 0.793386221 -0.026224548 0.608153403 192.251007080
0.574059963 0.069092669 -0.815893054 -1.970703125 -0.016283793 0.997199774 0.072989136 0.005038261 0.818651319 -0.028614303 0.573577583 192.534210205
0.540748477 0.068941779 -0.838354468 -2.399330139 -0.009717037 0.997081220 0.075727038 0.042258263 0.841128170 -0.032802951 0.539840102 192.797653198
0.505932689 0.072082326 -0.859555781 -2.839164734 -0.004905342 0.996726632 0.080698170 0.073660374 0.862559021 -0.036611430 0.504630089 193.046600342
0.466616511 0.073747508 -0.881379724 -3.353790283 0.001827720 0.996435165 0.084342144 0.116149426 0.884457827 -0.040966362 0.464818448 193.311584473
0.430611104 0.074437492 -0.899462700 -3.847229004 0.006132374 0.996328712 0.085389741 0.151760101 0.902516723 -0.042285606 0.428573728 193.531936646
0.394827187 0.074449413 -0.915734053 -4.359573364 0.006556488 0.996457696 0.083839148 0.191976070 0.918731987 -0.039105974 0.392940462 193.735809326
0.357775688 0.073554501 -0.930906177 -4.951633453 0.009322496 0.996561944 0.082325146 0.237017632 0.933761001 -0.038132299 0.355859876 193.945434570
0.327419162 0.071338817 -0.942182302 -5.513324738 0.013825299 0.996677339 0.080269441 0.273556232 0.944778025 -0.039307699 0.325345010 194.124862671
0.296732664 0.066602774 -0.952635169 -6.153465271 0.017262505 0.997027814 0.075083464 0.329493046 0.954804540 -0.038724590 0.294700980 194.293914795
0.270237595 0.064790763 -0.960611165 -6.766654968 0.018729601 0.997190595 0.072526909 0.373540640 0.962611496 -0.037591368 0.268264830 194.435287476
0.244930774 0.065401614 -0.967332125 -7.391887665 0.017153133 0.997273803 0.071769178 0.424610138 0.969388843 -0.034171265 0.243141189 194.568664551
0.216906518 0.065057248 -0.974022150 -8.111103058 0.019500230 0.997289002 0.070953816 0.475875616 0.975997567 -0.034384008 0.215049833 194.702758789
0.191156596 0.066395067 -0.979311407 -8.771308899 0.021510994 0.997186661 0.071805798 0.527544737 0.981323838 -0.034792114 0.189190581 194.807113647
0.166396916 0.068515144 -0.983675599 -9.451309204 0.023324836 0.997030497 0.073390909 0.581135511 0.985782981 -0.035156097 0.164304689 194.911911011
0.141828060 0.071152560 -0.987330735 -10.204755783 0.021642564 0.996951997 0.074954830 0.635985136 0.989654660 -0.031999070 0.139855862 195.004791260
0.121870734 0.073624842 -0.989811540 -10.891681671 0.019673469 0.996869922 0.076572157 0.687056780 0.992350996 -0.028804934 0.120040834 195.075851440
0.104482636 0.075512752 -0.991655767 -11.596868515 0.018118491 0.996803224 0.077813707 0.738878012 0.994361699 -0.026097491 0.102780446 195.138244629
0.088057719 0.075431794 -0.993255079 -12.389245987 0.017927488 0.996847093 0.077293955 0.798177719 0.995953977 -0.024612902 0.086427800 195.205780029
0.075949043 0.075134911 -0.994276822 -13.120374680 0.018025653 0.996890485 0.076709330 0.855620146 0.996948719 -0.023748489 0.074358538 195.258499146
0.066191815 0.074654371 -0.995010257 -13.934108734 0.018480288 0.996934533 0.076028109 0.916263342 0.997635782 -0.023420516 0.064609274 195.304077148
0.059292346 0.075512946 -0.995380521 -14.687371254 0.018017130 0.996891439 0.076700807 0.973805547 0.998078048 -0.022481667 0.057747498 195.334045410
0.053487163 0.076789483 -0.995611608 -15.457621574 0.018833065 0.996783853 0.077891663 1.034010768 0.998390853 -0.022916628 0.051868960 195.376068115
0.048514470 0.077882230 -0.995781481 -16.310445786 0.019682027 0.996687233 0.078911997 1.097507477 0.998628497 -0.023427371 0.046820879 195.419845581
0.044540513 0.080202729 -0.995782912 -17.075431824 0.020454047 0.996490002 0.081174567 1.156763792 0.998798132 -0.023983350 0.042743709 195.452621460
0.040639713 0.082681701 -0.995747030 -17.851085663 0.022805797 0.996234000 0.083652891 1.212255478 0.998913527 -0.026108436 0.038601041 195.484680176
0.036591556 0.083944239 -0.995798349 -18.714103699 0.023855664 0.996108413 0.084846951 1.278231382 0.999045551 -0.026860118 0.034446612 195.522842407
0.033724759 0.082206026 -0.996044517 -19.506929398 0.024048509 0.996256173 0.083037749 1.337237597 0.999141932 -0.026753811 0.031621560 195.551269531
0.031877831 0.077938296 -0.996448338 -20.315071106 0.023438217 0.996622622 0.078701735 1.401664495 0.999216974 -0.025863817 0.029943440 195.570068359
0.030906353 0.073216490 -0.996837020 -21.198757172 0.022860974 0.997000873 0.073937297 1.458670378 0.999260843 -0.025073798 0.029139854 195.578948975
0.030804068 0.069916151 -0.997077167 -22.039199829 0.023054216 0.997235477 0.070639506 1.525939703 0.999259531 -0.025162816 0.029107051 195.605712891
0.030910648 0.068926558 -0.997142732 -22.963321686 0.020221911 0.997372150 0.069569275 1.602164507 0.999317586 -0.022314563 0.029435595 195.618392944
0.032385804 0.069803588 -0.997034907 -23.806583405 0.019030420 0.997334301 0.070442691 1.661095619 0.999294341 -0.021255337 0.030971082 195.640960693
0.033886690 0.073768221 -0.996699452 -24.643329620 0.018433789 0.997056484 0.074421346 1.722624779 0.999255657 -0.020894838 0.032427110 195.674499512
0.035583165 0.078158394 -0.996305704 -25.576425552 0.015820079 0.996768177 0.078759670 1.794435501 0.999241471 -0.018564153 0.034231689 195.708145142
0.037782747 0.080463335 -0.996041238 -26.430767059 0.014911434 0.996596575 0.081073843 1.856883049 0.999174714 -0.017915595 0.036454331 195.732177734
0.039156128 0.080136262 -0.996014535 -27.283744812 0.014900712 0.996621370 0.080770865 1.921409130 0.999122083 -0.018004004 0.037829746 195.769515991
0.041557290 0.078564964 -0.996042430 -28.225349426 0.016244022 0.996718764 0.079296067 1.989695311 0.999004066 -0.019475069 0.040144727 195.804534912
0.043835465 0.077894919 -0.995997429 -29.072383881 0.017996687 0.996732414 0.078744456 2.054877043 0.998876631 -0.021376453 0.042290375 195.830642700
0.044802248 0.078429326 -0.995912373 -29.978054047 0.017785212 0.996692836 0.079290867 2.123878002 0.998837531 -0.021264931 0.043259196 195.889038086
0.047343891 0.078815751 -0.995764256 -30.938140869 0.018498642 0.996642113 0.079764761 2.200114012 0.998707294 -0.022196660 0.045726925 195.930053711
0.048927635 0.079014659 -0.995671988 -31.834692001 0.018326590 0.996627033 0.079991028 2.263212919 0.998634219 -0.022161048 0.047314536 195.981964111
0.051444590 0.077443913 -0.995668709 -32.810623169 0.019120475 0.996729612 0.078514375 2.340511322 0.998492777 -0.023076795 0.049795590 196.037582397
0.052910019 0.076001465 -0.995702922 -33.706474304 0.018263508 0.996859193 0.077060215 2.408632755 0.998432219 -0.022262286 0.051355779 196.092880249
0.054892074 0.075840488 -0.995607913 -34.609592438 0.017869160 0.996876895 0.076922365 2.476223707 0.998332322 -0.022013105 0.053365443 196.145690918
